1 0.14453125 0.4890625 0.02890625 0.0359375
1 0.265625 0.47109375 0.03359375 0.0484375
1 0.06875 0.35703125 0.01953125 0.01953125
1 0.0046875 0.31484375 0.009375 0.02421875
1 0.36171875 0.49296875 0.0171875 0.0171875
1 0.4046875 0.38125 0.0171875 0.0265625
1 0.30625 0.28828125 0.0140625 0.0171875
1 0.00625 0.4953125 0.01171875 0.03359375
1 0.44609375 0.2671875 0.01171875 0.0140625
1 0.47578125 0.31640625 0.0171875 0.01953125
2 0.528846153125 0.24150196875000002 0.6509476249999999 0.26648506250000004 0.67198215625 0.1805809234375 0.528846153125 0.151326221875 0.528846153125 0.24150196875000002
1 0.021875 0.75234375 0.04296875 0.08671875
1 0.275 0.634375 0.0171875 0.0140625
2 1 0.8445965624999999 0.735911259375 0.7966793937500001 0.6881927859375 1 1 1 1 0.8445965624999999