1 0.30078125 0.20078125 0.2015625 0.18984375
1 0.8890625 0.26328125 0.1703125 0.17578125
1 0.05546875 0.9359375 0.02421875 0.03359375
1 0.44921875 0.96875 0.01953125 0.04296875
1 0.16015625 0.884375 0.02890625 0.0484375
1 0.00390625 0.83203125 0.00703125 0.01953125
1 0.0046875 0.8375 0.009375 0.021875
1 0.25859375 0.8765625 0.0140625 0.0171875
1 0.25390625 0.75703125 0.0140625 0.0265625
1 0.1265625 0.6984375 0.01171875 0.0171875
1 0.24765625 0.63671875 0.01171875 0.0140625
1 0.2953125 0.67578125 0.0171875 0.01953125
1 0.771875 0.9484375 0.2453125 0.103125