0 0.24375 0.3796875 0.4875 0.4375
1 0.7359375 0.5453125 0.0359375 0.03828125
1 0.553125 0.584375 0.04296875 0.02890625
1 0.70078125 0.4515625 0.021875 0.03125
1 0.8171875 0.42421875 0.0265625 0.0453125
1 0.5984375 0.32578125 0.0140625 0.0171875
1 0.49140625 0.2953125 0.00703125 0.01953125
1 0.91484375 0.4375 0.0140625 0.0140625
1 0.93359375 0.32421875 0.0140625 0.02421875
1 0.81640625 0.2390625 0.01171875 0.0140625
1 0.49296875 0.49296875 0.009375 0.02890625
1 0.9484375 0.2078125 0.009375 0.0140625
1 0.9890625 0.25390625 0.0140625 0.0171875
1 0.109375 0.884375 0.21875 0.23046875
1 1 0.670198946875 0.71056110625 0.724961696875 0.7373450703125 1 1 1 1 0.670198946875